New Level
(0,200,3)
(100,200,2)
(200,200,1)
(300,200,1)
(400,200,2)
(500,200,3)
(0,300,3)
(100,300,2)
(200,300,1)
(300,300,1)
(400,300,2)
(500,300,3)
(0,400,3)
(100,400,2)
(200,400,1)
(300,400,1)
(400,400,2)
(500,400,3)
New Level
(50,240,1)
(120,240,1)
(190,240,1)
(260,240,1)
(330,240,1)
(400,240,1)
(470,240,1)
(50,260,1)
(120,260,1)
(190,260,1)
(260,260,1)
(330,260,1)
(400,260,1)
(470,260,1)
(50,280,1)
(120,280,1)
(190,280,1)
(260,280,1)
(330,280,1)
(400,280,1)
(470,280,1)
(50,300,1)
(120,300,1)
(190,300,1)
(260,300,1)
(330,300,1)
(400,300,1)
(470,300,1)
(50,320,1)
(120,320,1)
(190,320,1)
(260,320,1)
(330,320,1)
(400,320,1)
(470,320,1)
(50,340,1)
(120,340,1)
(190,340,1)
(260,340,1)
(330,340,1)
(400,340,1)
(470,340,1)
New Level
(510,340,1)